Number of particles = 255
A = 1 Angstrom (basic length-scale)
H0(1,1) = 16.184 A
H0(1,2) = 0 A
H0(1,3) = 0 A
H0(2,1) = 0 A
H0(2,2) = 16.184 A
H0(2,3) = 0 A
H0(3,1) = 0 A
H0(3,2) = 0 A
H0(3,3) = 16.184 A
.NO_VELOCITY.
entry_count = 3
26.9815
Al
-0.000709985 -0.000233355 0.0318179
26.9815
Al
0.0542947 0.047134 0.0540957
26.9815
Al
0.00720588 0.0010713 0.00677274
26.9815
Al
-0.000394056 0.00776705 0.00856747
26.9815
Al
0.0541214 0.0535547 0.0462111
26.9815
Al
0.0470092 0.046677 0.0459638
26.9815
Al
0.0312009 0.0537177 0.0544929
26.9815
Al
0.0144441 0.00717097 0.00745205
26.9815
Al
0.0305817 -2.20438e-05 0.000111644
26.9815
Al
0.0383405 0.00751162 -0.000643747
26.9815
Al
0.039613 0.000505224 0.00686307
26.9815
Al
0.0389453 0.0458095 0.0535303
26.9815
Al
0.0459042 0.000143662 -0.00010776
26.9815
Al
0.0531992 0.00848109 0.00110797
26.9815
Al
0.054783 0.000596573 0.00732452
26.9815
Al
0.0466497 0.0081216 0.00803361
26.9815
Al
-0.00112755 0.0156502 -0.000260724
26.9815
Al
0.00794013 0.0230141 3.21623e-06
26.9815
Al
0.00670835 0.015745 0.00774839
26.9815
Al
0.0374921 0.0537904 0.0452903
26.9815
Al
0.030747 0.0461177 0.0472919
26.9815
Al
0.0147958 0.0533669 0.0541294
26.9815
Al
0.0227857 0.0146466 0.00745026
26.9815
Al
0.0158157 0.0239586 0.00700272
26.9815
Al
0.0233196 0.0454116 0.0534948
26.9815
Al
0.0385329 0.0224072 -0.000826687
26.9815
Al
0.0389952 0.0152629 0.00750568
26.9815
Al
0.0312346 0.0237769 0.00702916
26.9815
Al
0.0462844 0.0157158 0.000469085
26.9815
Al
0.0539582 0.0231578 -0.0001734
26.9815
Al
0.0534934 0.014515 0.00758014
26.9815
Al
0.0467194 0.0226136 0.00703541
26.9815
Al
-0.000228763 0.0304783 0.000251142
26.9815
Al
0.00747769 0.0373529 -0.00070194
26.9815
Al
0.0235918 0.0544267 0.046421
26.9815
Al
0.000385994 0.0384574 0.00703961
26.9815
Al
0.0160597 0.0302009 -0.00125688
26.9815
Al
0.0235607 0.0394238 -0.000181966
26.9815
Al
0.0232418 0.0306825 0.00773894
26.9815
Al
0.0157869 0.0385239 0.00767252
26.9815
Al
0.0166168 0.0464569 0.0465012
26.9815
Al
0.0392855 0.0380942 -0.000324622
26.9815
Al
0.0383779 0.0305203 0.00735399
26.9815
Al
0.0311646 0.0394912 0.00790787
26.9815
Al
0.0461094 0.0300863 -0.000855085
26.9815
Al
0.0532845 0.039197 0.000336958
26.9815
Al
0.054361 0.0309649 0.00688625
26.9815
Al
0.0471151 0.0394233 0.0083784
26.9815
Al
0.000494189 0.0461075 0.000360007
26.9815
Al
0.00857582 0.0548007 0.00101146
26.9815
Al
0.00844247 0.0465633 0.00777842
26.9815
Al
-0.000341826 0.0553699 0.00763822
26.9815
Al
0.0153578 0.046048 -0.0011192
26.9815
Al
0.023196 0.0534283 -0.000235243
26.9815
Al
0.0224247 0.0458796 0.00847825
26.9815
Al
0.0161885 0.0532181 0.0072681
26.9815
Al
0.0310856 0.0465082 -0.000153947
26.9815
Al
0.0379795 0.0543325 -0.000441527
26.9815
Al
0.0370832 0.045917 0.00783354
26.9815
Al
0.0311247 0.0546042 0.00697776
26.9815
Al
0.0468463 0.0460248 0.000190994
26.9815
Al
0.0550504 0.0540585 0.000522573
26.9815
Al
0.0547046 0.0465001 0.0079138
26.9815
Al
0.0448457 0.0537013 0.00811431
26.9815
Al
-0.000407531 0.0541671 0.0536147
26.9815
Al
0.00725272 0.0460459 0.0542541
26.9815
Al
0.00790787 0.0534606 0.0466429
26.9815
Al
-0.000762951 0.0074198 0.0232427
26.9815
Al
0.0152884 0.000483441 0.0156831
26.9815
Al
0.0229679 0.00779677 0.0156518
26.9815
Al
-8.96738e-05 0.0466946 0.0462399
26.9815
Al
0.045997 0.0383662 0.053871
26.9815
Al
0.0302669 -4.0069e-05 0.015612
26.9815
Al
0.0391609 0.0074227 0.0146755
26.9815
Al
0.0385501 0.000554038 0.0229199
26.9815
Al
0.0551482 0.030465 0.053741
26.9815
Al
0.0471414 1.12727e-05 0.0157624
26.9815
Al
0.0534692 0.00739162 0.0155015
26.9815
Al
0.0545984 -0.000818803 0.0231134
26.9815
Al
0.0466134 0.00801322 0.0231175
26.9815
Al
0.0541794 0.0382142 0.0465846
26.9815
Al
0.046742 0.030475 0.0467955
26.9815
Al
0.00790058 0.0151188 0.0227932
26.9815
Al
0.000255292 0.0236643 0.0230249
26.9815
Al
0.0312571 0.0389092 0.0540336
26.9815
Al
0.0390805 0.0307692 0.0545811
26.9815
Al
0.0391008 0.0377242 0.0459579
26.9815
Al
0.0163802 0.0245574 0.02291
26.9815
Al
0.0306109 0.0149585 0.0152567
26.9815
Al
0.0376121 0.0237924 0.0153441
26.9815
Al
0.0389286 0.0158934 0.0233203
26.9815
Al
0.0302122 0.0306012 0.0455229
26.9815
Al
0.0462035 0.0167385 0.0164664
26.9815
Al
0.0542235 0.0227473 0.015585
26.9815
Al
0.0541997 0.015086 0.0225641
26.9815
Al
0.0465478 0.0232902 0.0222764
26.9815
Al
-0.000332517 0.0299047 0.0157982
26.9815
Al
0.00782891 0.0387651 0.0165215
26.9815
Al
0.00771725 0.0313729 0.0235488
26.9815
Al
0.00114086 0.0387953 0.0232876
26.9815
Al
0.0156813 0.0386188 0.0539719
26.9815
Al
0.0237577 0.0387715 0.0146589
26.9815
Al
0.0235151 0.0320554 0.0226301
26.9815
Al
0.0150935 0.0387072 0.0242095
26.9815
Al
0.0223046 0.0317242 0.0535777
26.9815
Al
0.0391817 0.0388588 0.0159977
26.9815
Al
0.0390532 0.0308123 0.0221841
26.9815
Al
0.0301197 0.0390576 0.023578
26.9815
Al
0.0463795 0.0318007 0.0147273
26.9815
Al
0.0544511 0.0384792 0.0160482
26.9815
Al
0.0548353 0.0309687 0.0232003
26.9815
Al
0.0458319 0.0385019 0.0232624
26.9815
Al
0.000666102 0.0471775 0.0155541
26.9815
Al
0.00686499 0.0535026 0.0154074
26.9815
Al
0.00812889 0.0457275 0.0221951
26.9815
Al
-0.000440274 0.0545181 0.0242101
26.9815
Al
0.0155266 0.0458752 0.0159045
26.9815
Al
0.024185 0.0546699 0.0144677
26.9815
Al
0.0229075 0.0466351 0.0233874
26.9815
Al
0.0154044 0.0539829 0.0226228
26.9815
Al
0.031297 0.0453074 0.0152123
26.9815
Al
0.0380456 0.0535805 0.0162661
26.9815
Al
0.0381768 0.0458261 0.0232996
26.9815
Al
0.0311489 0.0552139 0.0228969
26.9815
Al
0.0451317 0.0466762 0.0161815
26.9815
Al
0.0538468 0.0544267 0.0163038
26.9815
Al
0.0541828 0.0467043 0.0231478
26.9815
Al
0.0465 0.0545837 0.0231503
26.9815
Al
0.0459358 0.0537609 0.0537781
26.9815
Al
0.00820669 0.00737049 0.0315424
26.9815
Al
0.00817832 -0.000451299 0.0384597
26.9815
Al
1.605e-05 0.00883601 0.0377611
26.9815
Al
0.0152006 -0.000515233 0.0312114
26.9815
Al
0.0232687 0.00763662 0.0302846
26.9815
Al
0.0233347 0.00061244 0.0383333
26.9815
Al
0.0157025 0.00837148 0.0386126
26.9815
Al
0.0224365 0.038475 0.0464836
26.9815
Al
0.0376662 0.00749388 0.0312292
26.9815
Al
0.0391535 -0.000334563 0.0383832
26.9815
Al
0.0301133 0.00767666 0.0379003
26.9815
Al
0.0468754 0.00044563 0.0307178
26.9815
Al
0.0539448 0.00791214 0.0317157
26.9815
Al
0.0545596 0.00141509 0.0382706
26.9815
Al
0.0466174 0.00638921 0.0383382
26.9815
Al
0.0153223 0.0311793 0.0462179
26.9815
Al
0.000772479 0.03904 0.0538882
26.9815
Al
0.00798437 0.0152353 0.0392763
26.9815
Al
-0.000885152 0.0225284 0.0387984
26.9815
Al
0.0072639 0.0302984 0.0537332
26.9815
Al
0.0236166 0.0236151 0.0315993
26.9815
Al
0.0230261 0.0151718 0.0386592
26.9815
Al
0.0146275 0.0142567 0.0304424
26.9815
Al
0.0310109 0.0161789 0.0304553
26.9815
Al
0.0385871 0.0230606 0.0307512
26.9815
Al
0.0392554 0.0153937 0.0379906
26.9815
Al
0.0315338 0.0241138 0.038258
26.9815
Al
0.0478316 0.0163178 0.030975
26.9815
Al
0.0548801 0.0231028 0.0310059
26.9815
Al
0.0532874 0.0144249 0.0387249
26.9815
Al
0.0472873 0.0235211 0.037727
26.9815
Al
0.0080102 0.0394124 0.0454831
26.9815
Al
0.00760961 0.0386343 0.0312105
26.9815
Al
0.00698826 0.0311134 0.038975
26.9815
Al
0.000555552 0.0392908 0.0391465
26.9815
Al
-0.000211573 0.030593 0.0468357
26.9815
Al
0.0236461 0.0381705 0.0310266
26.9815
Al
0.0230652 0.0308653 0.0378101
26.9815
Al
0.0157672 0.03902 0.0377725
26.9815
Al
0.0309292 0.0315749 0.0304153
26.9815
Al
0.0381697 0.0397259 0.0313685
26.9815
Al
0.0385056 0.0308418 0.0393753
26.9815
Al
0.0305635 0.0389463 0.0381267
26.9815
Al
0.0464748 0.0301797 0.0305049
26.9815
Al
0.0553212 0.0394981 0.0308846
26.9815
Al
0.053518 0.03045 0.0384446
26.9815
Al
0.0466678 0.038117 0.0389584
26.9815
Al
-0.000254644 0.0465672 0.03105
26.9815
Al
0.0080933 0.0540769 0.0306035
26.9815
Al
0.00680901 0.0451801 0.0382651
26.9815
Al
-0.000465394 0.0531471 0.0380783
26.9815
Al
0.0151577 0.0467074 0.0307812
26.9815
Al
0.0221471 0.0543454 0.030997
26.9815
Al
0.0224627 0.0464582 0.0383307
26.9815
Al
0.0154515 0.0543714 0.0393619
26.9815
Al
0.0307483 0.0454471 0.0310618
26.9815
Al
0.0389831 0.0548879 0.031284
26.9815
Al
0.037576 0.0457423 0.0388641
26.9815
Al
0.0305285 0.0536869 0.0381607
26.9815
Al
0.0468544 0.0455043 0.0313009
26.9815
Al
0.054003 0.0546694 0.0313444
26.9815
Al
0.0541972 0.0467456 0.0390596
26.9815
Al
0.0463623 0.054793 0.0390476
26.9815
Al
0.000468522 -0.000749642 0.0462721
26.9815
Al
0.00874209 0.00698566 0.0469766
26.9815
Al
0.00792283 -0.000249205 0.0539962
26.9815
Al
-0.000521186 0.00762729 0.0539564
26.9815
Al
0.0162909 -0.000749209 0.0462398
26.9815
Al
0.0231138 0.00737556 0.0466783
26.9815
Al
0.0227591 5.11214e-05 0.0538252
26.9815
Al
0.0157073 0.00696911 0.0535752
26.9815
Al
0.0304084 -0.000855382 0.0463741
26.9815
Al
0.0389559 0.00753269 0.0473467
26.9815
Al
0.0388862 -0.00118305 0.0546294
26.9815
Al
0.0306668 0.00810059 0.0537212
26.9815
Al
0.0466595 -0.00013498 0.045637
26.9815
Al
0.0550405 0.00741547 0.0462127
26.9815
Al
0.0537326 -0.000100734 0.0543365
26.9815
Al
0.0458876 0.00798196 0.0549289
26.9815
Al
0.000461282 0.0154074 0.0460179
26.9815
Al
0.00762191 0.0235253 0.045731
26.9815
Al
0.0075967 0.0142832 0.0540787
26.9815
Al
6.79752e-05 0.0239873 0.0536924
26.9815
Al
0.0148545 0.0156577 0.0465701
26.9815
Al
0.023278 0.0232016 0.0465239
26.9815
Al
0.0236231 0.0160698 0.0535572
26.9815
Al
0.0161003 0.0230776 0.0541717
26.9815
Al
0.0307566 0.0160517 0.0463144
26.9815
Al
0.0383094 0.0226979 0.0469115
26.9815
Al
0.0375486 0.0160687 0.0538334
26.9815
Al
0.0302981 0.0232906 0.0540019
26.9815
Al
0.0456577 0.0149766 0.0464372
26.9815
Al
0.0538267 0.0232823 0.0467648
26.9815
Al
0.0537742 0.0157213 0.0535252
26.9815
Al
0.045292 0.0230373 0.0535243
24.3051
Mg
0.0162206 0.0312532 0.031057
24.3051
Mg
0.00139031 0.030662 0.0299702
24.3051
Mg
-0.000830431 -0.000405664 -4.39057e-05
24.3051
Mg
0.00789193 0.0236087 0.0306876
24.3051
Mg
-0.000669081 0.0153752 0.0310625
24.3051
Mg
0.0315289 -0.000146921 0.0315426
24.3051
Mg
0.0318627 0.0310992 0.0151751
24.3051
Mg
0.0149956 0.0305317 0.015196
24.3051
Mg
0.0307452 0.0230499 0.0237328
24.3051
Mg
0.0223259 0.0146858 0.0226755
24.3051
Mg
0.0236708 0.0223197 0.0150117
24.3051
Mg
0.0154348 0.015702 0.0151333
24.3051
Mg
0.00793314 0.0225999 0.0158812
24.3051
Mg
-0.000530914 0.0144941 0.0150659
24.3051
Mg
0.0314251 0.00800229 0.0237494
24.3051
Mg
0.014938 0.00863044 0.0216049
24.3051
Mg
0.0237394 0.000847825 0.0227978
24.3051
Mg
0.00708799 -0.00134847 0.0231012
24.3051
Mg
0.00719791 0.00849623 0.0143582
24.3051
Mg
0.000516912 0.000419501 0.0155129
24.3051
Mg
0.0310783 0.0300882 0.00041063
24.3051
Mg
0.00771466 0.0318875 0.00745397
24.3051
Mg
0.0303948 0.0153726 0.000223018
24.3051
Mg
0.0226511 0.0238297 0.000444687
24.3051
Mg
0.0148175 0.0156555 0.000766084
24.3051
Mg
2.1278e-05 0.024013 0.00659676
24.3051
Mg
0.0313074 0.00842085 0.00757656
24.3051
Mg
0.0225048 0.000172737 0.00610724
24.3051
Mg
0.0231146 0.00788371 0.000511927
24.3051
Mg
0.0152586 -6.50575e-05 -0.000427533
24.3051
Mg
0.00777824 0.00838316 0.000218148
